 1 -1.72  -1.19  -1.19    -2.291   -2.291   -2.291 
 2  1.30   0.56   0.74     2.168    2.168    2.168 
 3  0.18  -0.02   0.19     0.631    0.631    0.631 
 4 -0.25   0.11   0.10    -2.685   -2.685   -2.685 
 5  0.31   0.40   0.16    -0.088   -0.088   -0.088 
 6 -0.92  -0.59  -0.80    -2.011   -2.011   -2.011 
 7  0.17   0.09  -0.15    -0.595   -0.595   -0.595 
 8  0.22   0.16  -0.08     0.740    0.740    0.740 
 9 -0.08   0.24  -0.02    -0.876   -0.876   -0.876 
10 -0.10  -0.20   0.01    -0.003   -0.003   -0.003 
13  0.04   0.17   0.36     0.058    0.058    0.058 
11  0.36   0.42   0.01     0.145    0.145    0.145 
12  0.29   0.26   0.02     1.258    1.258    1.258 
14  0.71   0.42   0.23     1.372    1.372    1.372 