     1    24.590    14.190    24.590    14.190     0.000             PRN/Q12/Q13/I12/I13/I3Q3
     2    22.055     6.384    19.803     5.216    -0.204             PRN/Q12/Q13/I12/I13/I3Q3
     3    18.416     6.748    16.972     7.051    -0.026             PRN/Q12/Q13/I12/I13/I3Q3
     4    15.473     4.690    13.941     5.637     0.494             PRN/Q12/Q13/I12/I13/I3Q3
     5    11.698     1.512    11.822     2.273     1.114             PRN/Q12/Q13/I12/I13/I3Q3
     6    13.272    13.498    11.456    10.150    -2.085             PRN/Q12/Q13/I12/I13/I3Q3
     7    16.146    19.811    16.483    17.592    -2.113             PRN/Q12/Q13/I12/I13/I3Q3
     8    17.803    18.672    15.500    15.124    -2.922             PRN/Q12/Q13/I12/I13/I3Q3
     9     7.592    10.496     5.224     9.075    -0.622             PRN/Q12/Q13/I12/I13/I3Q3
    10     8.122     9.241     6.191     9.099    -0.438             PRN/Q12/Q13/I12/I13/I3Q3
    11     6.756     6.488     6.288     8.230     0.458             PRN/Q12/Q13/I12/I13/I3Q3
    12    10.131    12.058     8.018     8.538    -0.936             PRN/Q12/Q13/I12/I13/I3Q3
    13    -8.073    -6.286    -9.616    -6.924    -0.168             PRN/Q12/Q13/I12/I13/I3Q3
    14    12.259    13.746     9.730    12.211    -0.781             PRN/Q12/Q13/I12/I13/I3Q3
    15    -8.073    -6.286    -9.616    -6.924    -0.168             PRN/Q12/Q13/I12/I13/I3Q3
    17    15.926     7.188    14.743     5.810    -1.058             PRN/Q12/Q13/I12/I13/I3Q3
  0201   -16.383   -17.380   -16.619   -17.279     0.043             RCV/Q12/Q13/I12/I13/I3Q3
  0202   -14.377    -5.860   -14.958    -5.700     0.042             RCV/Q12/Q13/I12/I13/I3Q3
  0203   -16.451    -7.742   -13.831    -7.601    -0.135             RCV/Q12/Q13/I12/I13/I3Q3
  0401     7.425    13.162     8.402    12.983     0.081             RCV/Q12/Q13/I12/I13/I3Q3
  0402    -7.524    -1.071    -8.150    -0.941     0.016             RCV/Q12/Q13/I12/I13/I3Q3
  0403   -12.501    -9.168   -18.373    -7.047     0.813             RCV/Q12/Q13/I12/I13/I3Q3
  0601    -5.256    -7.648    -4.179    -6.178     0.762             RCV/Q12/Q13/I12/I13/I3Q3
  0602     1.242    -1.975     3.132    -0.599     0.635             RCV/Q12/Q13/I12/I13/I3Q3
  0603    -2.753     3.306    -0.765     3.609    -9.229             RCV/Q12/Q13/I12/I13/I3Q3
  0701     3.585     0.265     7.013     2.148    -9.296             RCV/Q12/Q13/I12/I13/I3Q3
  0702     5.007     1.990     8.812     3.890    -9.265             RCV/Q12/Q13/I12/I13/I3Q3
  0703     0.622    -0.987     7.976     0.909    -9.200             RCV/Q12/Q13/I12/I13/I3Q3
  0901   -19.608   -20.540   -19.915   -20.349     0.035             RCV/Q12/Q13/I12/I13/I3Q3
  0902   -19.476   -20.330   -19.847   -20.152     0.053             RCV/Q12/Q13/I12/I13/I3Q3
  0903   -81.327   -86.877   -79.325   -86.192     0.860             RCV/Q12/Q13/I12/I13/I3Q3
  1001   -52.686   -47.410   -53.136   -47.267     0.034             RCV/Q12/Q13/I12/I13/I3Q3
  1002   -15.158   -14.168   -15.674   -14.028     0.041             RCV/Q12/Q13/I12/I13/I3Q3
  1003   -18.185   -18.392   -13.583   -17.787     0.714             RCV/Q12/Q13/I12/I13/I3Q3
  1101    -5.927   -11.733    -4.326   -10.203     0.613             RCV/Q12/Q13/I12/I13/I3Q3
  1102     1.253   -10.348     1.679    -8.842     0.602             RCV/Q12/Q13/I12/I13/I3Q3
  1103    -4.316     0.036    -5.990    -1.345    -2.535             RCV/Q12/Q13/I12/I13/I3Q3
  1201   -12.080   -13.275   -14.884   -12.457     1.066             RCV/Q12/Q13/I12/I13/I3Q3
  1202    -4.072    -7.654    -4.959    -7.520     1.121             RCV/Q12/Q13/I12/I13/I3Q3
  1203    -5.438    -8.957    -7.181    -9.037     1.020             RCV/Q12/Q13/I12/I13/I3Q3
  1301     4.045    -1.938     5.900    -0.350     0.724             RCV/Q12/Q13/I12/I13/I3Q3
  1302     2.706    -2.011     4.385    -0.753     0.703             RCV/Q12/Q13/I12/I13/I3Q3
  1303    -6.062   -13.478    -3.246   -11.630     0.692             RCV/Q12/Q13/I12/I13/I3Q3
  1401   -29.667   -22.426   -25.141   -22.549     0.745             RCV/Q12/Q13/I12/I13/I3Q3
  1402   -12.909    -8.413   -12.178   -10.942     0.796             RCV/Q12/Q13/I12/I13/I3Q3
  1403    -9.371   -10.747    -7.927   -10.428     1.178             RCV/Q12/Q13/I12/I13/I3Q3
  1501   -15.340   -16.351   -11.926   -14.505     0.679             RCV/Q12/Q13/I12/I13/I3Q3
  1502   -20.069   -17.931   -17.022   -16.256     0.867             RCV/Q12/Q13/I12/I13/I3Q3
  1503   -14.803   -15.701   -11.980   -13.972     0.753             RCV/Q12/Q13/I12/I13/I3Q3
  1601    -7.856   -11.959    -5.452    -9.957     0.761             RCV/Q12/Q13/I12/I13/I3Q3
  1602    -5.275   -13.176    -2.928   -11.379     0.685             RCV/Q12/Q13/I12/I13/I3Q3
  1603    -9.456   -16.684    -7.851   -14.951     0.646             RCV/Q12/Q13/I12/I13/I3Q3
  1701    -7.493    -6.028    -5.296    -4.412     0.775             RCV/Q12/Q13/I12/I13/I3Q3
  1702    -8.960    -8.127    -6.805    -6.433     0.611             RCV/Q12/Q13/I12/I13/I3Q3
  1703    -6.739    -6.768    -4.781    -5.202     0.747             RCV/Q12/Q13/I12/I13/I3Q3
  1801   -17.897   -10.174   -14.311    -8.786     0.325             RCV/Q12/Q13/I12/I13/I3Q3
  1802   -14.309    -8.488   -10.770    -6.770     0.684             RCV/Q12/Q13/I12/I13/I3Q3
  1803   -11.781    -4.774    -8.031    -2.974     0.879             RCV/Q12/Q13/I12/I13/I3Q3
  1901    -9.743   -10.520   -12.710   -10.595     1.034             RCV/Q12/Q13/I12/I13/I3Q3
  1902    -4.864    -6.163    -6.179    -5.723     1.094             RCV/Q12/Q13/I12/I13/I3Q3
  1903   -10.321   -12.868   -10.164   -11.213     1.154             RCV/Q12/Q13/I12/I13/I3Q3
  2001   -16.543   -17.103   -13.651   -15.612     0.663             RCV/Q12/Q13/I12/I13/I3Q3
  2002     2.353     1.649     5.653     3.806     1.212             RCV/Q12/Q13/I12/I13/I3Q3
  2003    -6.406   -19.084    -0.335   -18.849     0.782             RCV/Q12/Q13/I12/I13/I3Q3
  2101    -3.422    -5.626     0.472    -3.406     0.893             RCV/Q12/Q13/I12/I13/I3Q3
  2102     1.841     2.556     4.850     4.313     0.772             RCV/Q12/Q13/I12/I13/I3Q3
  2103     1.404     1.406     4.681     3.138     0.613             RCV/Q12/Q13/I12/I13/I3Q3
  2201    -9.836    -5.399    -6.344    -3.748     0.607             RCV/Q12/Q13/I12/I13/I3Q3
  2202    -0.387    -0.387    -0.387    -0.387    -0.387             RCV/Q12/Q13/I12/I13/I3Q3
  2203    -5.372    -6.320    -3.940    -4.851     0.615             RCV/Q12/Q13/I12/I13/I3Q3
  2301   -13.301   -16.940    -7.908   -16.366     1.182             RCV/Q12/Q13/I12/I13/I3Q3
  2302   -15.272   -17.296    -9.687   -17.424     0.551             RCV/Q12/Q13/I12/I13/I3Q3
  2303   -16.597   -17.001   -11.733   -16.862     0.666             RCV/Q12/Q13/I12/I13/I3Q3
  2401   -20.032   -18.994   -13.229   -18.297     0.795             RCV/Q12/Q13/I12/I13/I3Q3
  2402   -20.084   -16.208   -14.475   -16.150     0.803             RCV/Q12/Q13/I12/I13/I3Q3
  2403   -18.157   -15.384   -21.514   -15.983     1.019             RCV/Q12/Q13/I12/I13/I3Q3
  2501    -5.678    -6.183    -2.080    -4.265     0.813             RCV/Q12/Q13/I12/I13/I3Q3
  2502    -5.464    -8.586    -2.193    -6.363     0.729             RCV/Q12/Q13/I12/I13/I3Q3
  2503    -2.122    -5.296     0.782    -3.713     0.695             RCV/Q12/Q13/I12/I13/I3Q3
  2601    -9.393    -5.628    -5.839    -3.688     0.822             RCV/Q12/Q13/I12/I13/I3Q3
  2602    -1.175    -5.030     0.678    -3.808     0.680             RCV/Q12/Q13/I12/I13/I3Q3
  2603    -7.683    -6.709    -4.409    -4.906     0.566             RCV/Q12/Q13/I12/I13/I3Q3
  2701   -19.054   -16.086   -12.950   -15.897     0.646             RCV/Q12/Q13/I12/I13/I3Q3
  2702   -18.352   -18.205   -12.197   -18.148     0.636             RCV/Q12/Q13/I12/I13/I3Q3
  2703   -20.614   -17.145   -14.967   -16.935     0.787             RCV/Q12/Q13/I12/I13/I3Q3
  2801   -17.243   -17.675   -17.432   -20.297     0.759             RCV/Q12/Q13/I12/I13/I3Q3
  2802   -72.053   -68.461   -67.134   -71.713     0.477             RCV/Q12/Q13/I12/I13/I3Q3
  2803     0.414    -7.736    -5.021    -6.449     1.072             RCV/Q12/Q13/I12/I13/I3Q3
  2901   -10.960    -9.994    -9.632    -8.721     0.524             RCV/Q12/Q13/I12/I13/I3Q3
  2902   -10.890   -10.051    -9.274    -8.403     0.853             RCV/Q12/Q13/I12/I13/I3Q3
  2903    -9.151    -9.046    -8.056    -7.527     0.712             RCV/Q12/Q13/I12/I13/I3Q3
  3001   -15.464   -16.936   -11.974   -15.292     0.448             RCV/Q12/Q13/I12/I13/I3Q3
  3002   -12.664    -8.773    -9.101    -7.263     0.502             RCV/Q12/Q13/I12/I13/I3Q3
  3003   -14.677   -14.447   -11.643   -12.582     0.772             RCV/Q12/Q13/I12/I13/I3Q3
  3101   -15.023   -11.441   -15.682   -11.744     0.884             RCV/Q12/Q13/I12/I13/I3Q3
  3102   -18.473   -21.255   -12.655   -20.615     0.879             RCV/Q12/Q13/I12/I13/I3Q3
  3103   -11.323   -10.835    -9.879   -10.451     0.871             RCV/Q12/Q13/I12/I13/I3Q3
  3301    -7.799    -7.799    -7.799    -7.799    -7.799             RCV/Q12/Q13/I12/I13/I3Q3
  3302   -14.901   -19.736    -8.880   -17.998     0.819             RCV/Q12/Q13/I12/I13/I3Q3
  3303    -9.872    -7.523    -6.852    -6.066     0.349             RCV/Q12/Q13/I12/I13/I3Q3
  3401    -8.246   -13.188    -1.220   -11.422     0.687             RCV/Q12/Q13/I12/I13/I3Q3
  3402   -13.117   -20.134    -6.968   -18.226     0.807             RCV/Q12/Q13/I12/I13/I3Q3
  3403    -9.334    -7.160    -5.719    -5.000     1.030             RCV/Q12/Q13/I12/I13/I3Q3
  3501    -7.588     2.142    -9.696     2.255    -9.153             RCV/Q12/Q13/I12/I13/I3Q3
  3502   -13.634     2.581    -7.422     4.150    -9.232             RCV/Q12/Q13/I12/I13/I3Q3
  3601    -4.387    -4.495    -7.166    -2.543     0.799             RCV/Q12/Q13/I12/I13/I3Q3
  3602    -3.235     3.530     1.040     5.508     0.854             RCV/Q12/Q13/I12/I13/I3Q3
  3603    -3.612     8.057    -1.587     6.940    -9.217             RCV/Q12/Q13/I12/I13/I3Q3