
! Last updated: 2022  2 14
++GLONASS Information++++++++++++++++++++++++++++++++++++++++++++++++
* 
2005 01 01
99 04 12 06 02 01 99 99 99 99 99 99 99 99 99 99 05 10 99 99 05 10 11 03 99 99 99
2005 02 06
99 04 12 06 02 01 99 06 99 99 99 99 99 99 99 99 05 10 99 99 05 10 11 03 99 99 99
2005 02 07
02 04 12 06 02 01 99 06 99 99 99 99 99 99 99 99 05 10 99 99 05 10 11 03 99 99 99
2005 02 17
02 01 12 06 02 01 99 06 99 99 99 99 99 99 99 99 05 10 99 99 05 10 11 03 99 99 99
2005 02 24
02 01 12 06 02 01 04 06 99 99 99 99 99 99 99 99 05 10 99 99 05 10 11 03 99 99 99
2006 01 23
02 01 12 06 02 01 04 06 99 99 99 99 99 99 99 99 05 10 03 99 05 10 11 03 99 99 99
2006 03 26
07 01 12 06 07 01 04 06 99 99 99 99 99 99 99 99 05 10 03 99 05 10 11 03 99 99 99
2006 04 06
07 01 12 06 07 01 04 06 99 99 99 99 99 99 99 99 05 10 03 11 05 10 03 02 99 99 99
2007 01 11
07 01 12 06 07 01 04 06 99 04 99 99 99 04 00 99 05 10 03 11 05 10 03 02 99 99 99
2007 02 07
07 01 12 06 07 01 05 06 99 04 99 99 99 04 00 99 05 10 03 11 08 10 03 02 99 99 99
2007 04 26
07 01 12 06 07 01 05 06 99 04 99 99 99 04 00 99 99 10 03 99 08 10 03 02 99 99 99
2007 11 16
07 01 12 06 07 01 05 06 99 04 99 99 99 04 00 99 99 10 03 02 08 10 03 02 99 99 99
2007 12 04
07 01 12 06 07 01 05 06 99 04 99 99 99 04 00 99 -1 10 03 02 08 10 03 02 99 99 99
2007 12 06
07 01 12 06 07 01 05 06 99 04 99 99 99 04 00 99 -1 99 03 02 08 99 03 02 99 99 99
2007 12 10
07 01 12 06 07 01 05 06 99 04 99 99 99 04 00 99 -1 99 03 02 08 10 03 02 99 99 99
2008 01 11
07 99 99 06 99 01 05 06 99 04 99 99 99 04 00 99 -1 99 03 02 08 10 03 02 99 99 99
2008 01 14
07 99 99 06 99 01 05 06 99 04 99 99 99 04 00 99 -1 99 03 02 99 99 03 02 99 99 99
2008 01 16
07 99 99 06 99 01 05 06 99 04 00 99 99 04 00 99 -1 99 03 02 99 99 03 02 99 99 99
2008 01 21
07 99 99 06 99 01 05 06 -2 04 00 99 99 04 00 99 -1 99 03 02 99 99 03 02 99 99 99
2008 02 04
07 99 99 06 99 01 05 06 -2 04 00 99 -2 04 00 99 -1 99 03 02 99 99 03 02 99 99 99
2008 10 23
99 99 99 06 99 01 05 99 -2 04 00 99 -2 04 00 99 -1 -3 03 02 99 99 03 02 99 99 99
2008 11 05
99 99 99 06 99 01 05 99 -2 04 00 99 -2 04 00 99 -1 -3 03 02 -1 99 03 02 99 99 99
2008 11 13
99 99 99 06 99 01 05 99 -2 04 00 99 -2 04 00 99 -1 -3 03 02 -1 -3 03 02 99 99 99
2008 12 26
99 01 05 06 99 01 05 06 -2 04 00 99 -2 04 00 99 -1 -3 03 02 -1 -3 03 02 99 99 99
2009 03 11
99 01 05 06 99 01 05 06 -2 -7 00 99 -2 -7 00 99 04 -3 03 02 04 -3 03 02 99 99 99
2009 08 19
99 01 05 99 99 01 05 06 -2 -7 00 99 -2 -7 00 99 04 -3 03 02 04 -3 03 02 99 99 99
2009 09 14
99 -4 05 99 99 01 05 06 -2 -7 00 99 -2 -7 00 99 04 -3 03 02 04 -3 03 02 99 99 99
2009 09 16
99 -4 05 99 99 -4 05 06 -2 -7 00 99 -2 -7 00 99 04 -3 03 02 04 -3 03 02 99 99 99
2009 12 15
01 -4 05 06 01 -4 05 06 -2 -7 00 99 -2 -7 00 99 04 -3 03 02 04 -3 03 02 99 99 99
2010 02 27
01 -4 05 06 01 99 05 06 -2 -7 00 99 -2 -7 00 99 04 -3 03 02 04 -3 03 99 99 99 99
2010 03 09
01 -4 05 06 01 99 05 06 -2 -7 00 99 -2 -7 00 99 04 -3 03 02 04 -3 03 02 99 99 99
2010 10 01
01 -4 -5 06 01 99 05 06 -2 -7 00 99 -2 -7 00 99 04 -3 03 02 04 -3 03 02 99 99 99
2010 10 04
01 -4 -5 06 01 -4 05 06 -2 -7 00 -1 -2 -7 00 -1 04 -3 03 02 04 -3 03 02 99 99 99
2010 12 14
01 -4 05 99 01 -4 05 06 -2 -7 00 -1 -2 -7 00 -1 04 -3 03 02 04 -3 03 02 99 99 99
2010 12 25
01 -4 05 99 01 -4 05 06 -2 -7 00 -1 -2 -7 00 -1 -5 -3 03 02 04 -3 03 02 99 99 99
2011 01 18
01 -4 05 99 01 -4 05 06 -2 -7 00 -1 -2 -7 00 -1 04 -3 03 02 04 -3 03 02 99 99 99
2011 03 23
01 -4 05 99 01 -4 05 06 -2 -7 00 -1 -2 -7 -6 00 -1 04 -3 03 02 04 -3 03 99 99 99
2011 03 24
01 -4 -6 99 01 -4 05 06 -2 -7 00 -1 -2 -7 00 -1 04 -3 03 02 04 -3 03 02 99 99 99
2011 05 12
01 -4 -6 -5 01 -4 05 06 -2 -7 00 -1 -2 -7 00 -1 04 -3 03 02 04 -3 03 02 99 99 99
2011 10 13
01 -4 -5 06 01 -4 05 06 -2 -7 00 -1 -2 -7 00 -1 04 -3 03 02 04 -3 03 02 99 99 99
2011 12 01
01 -4 05 06 01 -4 05 06 -2 -7 00 -1 -2 -7 00 -1 04 -3 03 02 04 -3 03 02 99 99 99
2012 09 20
01 -4 05 06 01 -4 05 -6 -2 -7 00 -1 -2 -7 00 -1 04 -3 03 02 04 -3 03 02 99 99 99
2012 10 18
01 -4 05 06 01 -4 05 06 -2 -7 00 -1 -2 -7 00 -1 04 -3 03 02 04 -3 03 02 99 99 99
2012 12 24
01 -4 05 06 01 -4 05 -6 -2 -7 00 -1 -2 -7 00 -1 04 -3 03 02 04 -3 03 02 99 99 99
2013 01 06
01 -4 05 06 01 -4 05 -5 -2 -7 00 -1 -2 -7 00 -1 04 -3 03 02 04 -3 03 02 99 99 99
2013 02 22
01 -4 05 06 01 -4 05 -6 -2 -7 00 -1 -2 -7 00 -1 04 -3 03 02 04 -3 03 02 99 99 99
2013 03 01
01 -4 05 06 01 -4 05 06 -2 -7 00 -1 -2 -7 00 -1 04 -3 03 02 04 -3 03 02 99 99 99
2014 02 18
01 -4 05 06 01 -4 05 06 -2 -7 00 -1 -2 -7 00 -1 04 -6 03 02 04 -3 03 02 99 99 99 
2014 04 11
01 -4 05 06 01 -4 05 06 -2 -7 00 -1 -2 -7 00 -1 04 -3 03 02 04 -3 03 02 -6 -5 99 
2015 04 13
01 -4 05 06 01 -4 05 06 -2 -7 00 -1 -2 -7 00 -1 -6 -3 03 02 04 -3 03 02 -6 -5 99
2016 02 15
01 -4 05 06 01 -4 05 06 -6 -7 00 -1 -2 -7 00 -1 04 -3 03 02 04 -3 03 02 -6 -5 07 
2016 11 18
01 -4 05 06 01 -4 05 06 -2 -7 00 -1 -2 -7 00 -1 04 -3 03 02 04 -3 03 02 -6 -5 07 
2017 09 20
01 -4 05 06 01 -4 05 06 -2 -7 00 -1 -2 -5 00 -1 04 -3 03 02 04 -3 03 02 -6 -5 07
2017 10 05
01 -4 05 06 01 -4 05 06 -2 -7 00 -1 -2 -5 00 -1 04 -3 03 02 04 -3 03 02 -6 -5 -5 
2017 10 10
01 -4 05 06 01 -4 05 06 -2 -7 00 -1 -2 -7 00 -1 04 -3 03 02 04 -3 03 02 -6 -5 -5 
2018 12 24
01 -4 05 06 01 -1 05 06 -2 -7 00 -1 -2 -7 00 -1 04 -3 03 02 04 -3 03 02 99 -5 -5 
2018 12 25
01 -4 05 06 01 -4 05 06 -2 -7 00 -1 -2 -7 00 -1 04 -3 03 02 04 -3 03 02 99 -5 -5
2019 01 19
01 -4 05 06 01 -4 05 06 -2 -7 00 -1 -2 -7 00 03 04 -3 03 02 04 -3 03 02 99 -5 -5 
2019 01 24
01 -4 05 06 01 -4 05 06 -2 -7 00 -1 -2 -7 00 -1 04 -3 03 02 04 -3 03 02 99 -5 -5  
2019 08 05
01 -4 05 06 01 -4 05 06 -2 -7 00 -1 -2 -7 00 -1 04 -3 03 02 04 -3 03 02 99 -6 -5 
2019 09 24
01 -4 05 06 01 -4 05 06 -2 -3 00 -1 -2 -7 00 -1 04 -3 03 02 04 -3 03 02 99 -6 -5 
2019 09 30
01 -4 05 06 01 -4 05 06 -2 07 00 -1 -2 -7 00 -1 04 -3 03 02 04 -3 03 02 99 -6 -5 
2019 10 17
01 -4 05 06 01 -4 05 06 -2 -5 00 -1 -2 -7 00 -1 04 -3 03 02 04 -3 03 02 99 -6 -5 
2019 10 25
01 -4 05 06 01 -4 05 06 -2 -5 00 -1 -2 -7 00 -1 04 -3 03 02 04 -3 03 02 99 -6 00 
2019 10 27
01 -4 05 06 01 -4 05 06 -2 -5 00 -1 -2 -7 00 -1 04 -3 03 02 04 -3 03 02 99 -6 -4 
2019 11 25
01 -4 05 05 01 -4 05 06 -2 -5 00 -1 -2 -7 00 -1 04 -3 03 02 04 -3 03 02 99 -6 -4 
2019 11 26
01 -4 05 06 01 -4 05 06 -2 -5 00 -1 -2 -7 00 -1 04 -3 03 02 04 -3 03 02 99 -6 -4 
2019 12 02
01 -4 05 01 01 -4 05 06 -2 -5 00 -1 -2 -7 00 -1 04 -3 03 02 04 -3 03 02 99 -6 -4 
2019 12 05
01 -4 05 06 01 -4 05 06 -2 -5 00 -1 -2 -7 00 -1 04 -3 03 02 04 -3 03 02 99 -6 -4 
2019 12 08
01 -4 05 01 01 -4 05 06 -2 -5 00 -1 -2 -7 00 -1 04 -3 03 02 04 -3 03 02 99 -6 -4 
2019 12 18
01 -4 05 06 01 -4 05 06 -2 -5 00 -1 -2 -7 00 -1 04 -3 03 02 04 -3 03 02 99 -6 -4 
2020 02 06
01 -4 05 06 01 -4 05 06 -2 -7 00 -1 -2 -7 00 -1 04 -3 03 02 04 -3 03 02 99 -6 -4 
2020 08 02
01 -4 05 06 01 -4 05 06 -2 -7 00 -1 -2 -7 00 -1 04 -3 03 02 04 -3 03 02 99 -6 04 
2020 12 04
01 -4 05 06 01 -4 05 06 -2 -7 -5 -1 -2 -7 00 -1 04 -3 03 02 04 -3 03 02 99 -6 04 
2020 12 23
01 -4 05 06 01 -4 05 06 -2 -7 00 -1 -2 -7 00 -1 04 -3 03 02 04 -3 03 02 99 -6 04 
--End of GLONASS Information-----------------------------------------

++Leap seconds++++++++++++++++++++++++
 1999 001       13
 2006 002       14
 2009 003       15
 2012 183       16
 2015 182       17
 2017 001       18
--End of leap seconds----------------
*